332256.21125681617	4128605.376212821	68.90436278616231
332255.29195861437	4128605.7498123366	68.32541624192999
332254.3726604126	4128606.123411853	67.74646969769768
332253.7453159795	4128606.3875680836	69.26110867834763
332253.1179715465	4128606.651724315	70.77574765899756
332252.4906271134	4128606.9158805455	72.29038663964751
332251.56201990024	4128607.2674669567	72.69171833954726
332250.6334126871	4128607.619053368	73.09305003944702
332249.99018273916	4128607.828028194	73.09304519475248
332249.34695279115	4128608.0370030203	73.09304035005795
332248.7037228432	4128608.2459778464	73.0930355053634
332248.0638922433	4128608.4770846544	73.04363723464579
332247.4240616434	4128608.708191462	72.99423896392815
332246.78423104354	4128608.93929827	72.94484069321054
332246.120982337	4128609.181973956	72.40704078073634
332245.4577336304	4128609.4246496423	71.86924086826212
332244.7944849238	4128609.6673253286	71.33144095578793
332243.8567910661	4128610.0079945885	72.21221631289998
332242.9190972084	4128610.348663849	73.09299167001204
332242.28539910365	4128610.5907482896	72.55479494188924
332241.65170099883	4128610.8328327304	72.01659821376643
332241.01800289407	4128611.074917171	71.47840148564363
332240.3633234601	4128611.3026218666	72.28102405747984
332239.70864402613	4128611.5303265625	73.08364662931606
332239.05396459217	4128611.758031258	73.88626920115227
332238.4082244147	4128611.9892571364	73.03464024146795
332237.76248423714	4128612.2204830144	72.18301128178362
332237.11674405966	4128612.451708893	71.3313823220993
332236.1923484596	4128612.7921128236	72.35637275237735
332235.2679528596	4128613.132516755	73.38136318265539
332234.6255381303	4128613.3821762605	72.74702303145612
332233.98312340095	4128613.6318357657	72.11268288025684
332233.34070867166	4128613.8814952713	71.47834272905757
332232.402793563	4128614.211070355	72.54092750204981
332231.4648784542	4128614.540645439	73.60351227504206
332230.8398979834	4128614.7751562945	73.16574537311259
332230.21491751267	4128615.0096671497	72.72797847118309
332229.58993704186	4128615.244178005	72.29021156925361
332228.9439011809	4128615.460610642	72.77551615244563
332228.2978653199	4128615.6770432787	73.26082073563764
332227.6518294589	4128615.893475916	73.74612531882966
332226.7806252833	4128616.232816061	74.58228180856672
332225.9094211077	4128616.572156206	75.4184382983038
332225.0382169321	4128616.911496351	76.25459478804086
332225.0382169321	4128616.911496351	76.25459478804086
332224.20162193937	4128617.207594232	75.5938522067928
332223.36502694665	4128617.503692113	74.93310962554474
332222.5284319539	4128617.799789994	74.27236704429669
332221.6918369612	4128618.095887875	73.61162446304863
332220.8552419685	4128618.391985756	72.95088188180057
332220.01864697575	4128618.688083637	72.29013930055251
332219.3788919126	4128618.92289119	71.09965176143362
332218.7391368495	4128619.157698742	69.90916422231471
332218.0993817863	4128619.392506295	68.71867668319582
332217.46819573385	4128619.612342513	70.56789833151451
332216.8370096814	4128619.832178732	72.41711997983319
332216.20582362893	4128620.05201495	74.26634162815188
332215.57471171865	4128620.2755498122	73.82575913169896
332214.9435998083	4128620.4990846748	73.38517663524603
332214.31248789805	4128620.722619537	72.94459413879311
332213.3833282362	4128621.04647156	73.32759436187473
332212.4541685743	4128621.370323583	73.71059458495634
332211.51647717546	4128621.710996556	73.17525421142511
332210.5787857766	4128622.051669529	72.63991383789387
332209.933121131	4128622.2865961557	72.63990894282799
332209.28745648527	4128622.5215227823	72.63990404776212
332208.6417918396	4128622.756449409	72.63989915269623
332208.00174114923	4128622.976463862	73.00858823382299
332207.36169045884	4128623.196478316	73.37727731494975
332206.72163976845	4128623.4164927695	73.74596639607651
332205.79680212826	4128623.7347091557	73.49209156731715
332204.87196448806	4128624.0529255415	73.2382167385578
332204.22932922724	4128624.2914919476	73.14031410295298
332203.5866939664	4128624.530058353	73.04241146734816
332202.9440587056	4128624.7686247593	72.94450883174335
332202.29514319455	4128624.9888171693	73.4755775667401
332201.6462276836	4128625.209009579	74.00664630173686
332200.99731217255	4128625.429201989	74.53771503673362
332200.34351620864	4128625.5532927597	79.98991338328193
332199.6897202447	4128625.677383531	85.44211172983024
332198.7717376609	4128625.6735651447	90.57863182531291
332197.8537550771	4128625.669746759	95.71515192079558
332197.30610725173	4128625.558613484	101.2968121982486
332196.75845942635	4128625.4474802087	106.87847247570164
332196.1773397451	4128625.214917889	111.97014137347915
332195.59622006386	4128624.982355569	117.06181027125666
332194.9675531848	4128624.5897962674	122.25033291404938
332194.3388863057	4128624.197236966	127.43885555684211
332193.7698310574	4128623.6813847	132.72458239082448
332193.2007758092	4128623.165532434	138.01030922480683
332192.83628444525	4128622.678883764	143.57482811278845
332192.47179308126	4128622.1922350936	149.1393470007701
332192.1232913977	4128621.618316725	150.13589970816534
332191.77478971414	4128621.0443983567	151.1324524155606
332191.4262880306	4128620.470479988	152.12900512295585
332191.1152388949	4128619.847711929	154.11796125820715
332190.80418975913	4128619.2249438707	156.10691739345842
332190.49314062344	4128618.602175812	158.09587352870972
332190.1909564711	4128617.979230262	157.83362221434808
332189.88877231866	4128617.3562847115	157.57137089998648
332189.5865881663	4128616.7333391616	157.30911958562484
332189.325774427	4128616.1095652003	158.87031748673576
332189.0649606876	4128615.4857912385	160.4315153878467
332188.80414694827	4128614.862017277	161.99271328895762
332188.60501861235	4128614.218508182	163.6882030915249
332188.40589027636	4128613.574999087	165.38369289409223
332188.20676194044	4128612.931489992	167.07918269665953
332188.0749624629	4128612.1071835794	172.1389035789715
332187.94316298526	4128611.2828771663	177.1986244612835
332187.9245216295	4128610.7948530023	-179.49301333168165
332188.007806811	4128609.8607900757	-174.46862108684775
332188.09109199245	4128608.926727149	-169.4442288420138
332188.2344520371	4128608.2615598287	-167.11958677092952
332188.3778120818	4128607.5963925077	-164.79494469984525
332188.5211721264	4128606.931225187	-162.47030262876095
332188.82077543065	4128606.1704296144	-157.05495821524633
332189.1203787349	4128605.409634041	-151.6396138017317
332189.6458206606	4128604.633216183	-140.33924401481252
332190.1072293718	4128604.2021788103	-128.83633926545954
332190.47489884746	4128603.9617175697	-118.74061071212137
332191.04993239546	4128603.59500465	-119.06068197510203
332191.62496594345	4128603.2282917304	-119.38075323808268
332192.19999949145	4128602.8615788105	-119.70082450106334
332192.7990438304	4128602.5128851226	-118.11600151141428
332193.39808816946	4128602.164191435	-116.53117852176521
332193.99713250843	4128601.815497747	-114.94635553211616
332194.90678612434	4128601.4032348283	-112.79333658565093
332195.8164397403	4128600.990971909	-110.64031763918572
332196.4437090194	4128600.723112896	-109.68347984794015
332197.0709782985	4128600.4552538833	-108.72664205669456
332197.6982475776	4128600.1873948704	-107.76980426544898
332198.3963711809	4128600.062416428	-95.96243554887378
332199.10602598987	4128600.070406443	-84.90593477073261
332199.67606041324	4128600.192191621	-74.42783573578872
332200.2345744666	4128600.4030070603	-69.3686507263156
332200.7930885199	4128600.6138224993	-64.30946571684247
332201.5111856733	4128601.043441429	-53.58508072056492
332202.06240047	4128601.5541015295	-42.744510865244166
332202.3721461239	4128601.964147214	-37.23797720845283
332202.6818917778	4128602.3741928977	-31.731443551661503
332203.0094894718	4128603.0114299376	-26.56029712272551
332203.3370871658	4128603.6486669774	-21.38915069378951
332203.6333605855	4128604.2717313296	-22.491140621537962
332203.9296340052	4128604.8947956813	-23.593130549286418
332204.2259074249	4128605.5178600335	-24.69512047703487
332204.52779458417	4128606.1260120873	-24.189842703511374
332204.82968174346	4128606.7341641416	-23.684564929987882
332205.13156890275	4128607.3423161954	-23.179287156464387
332205.4101858889	4128607.969434112	-23.246510763319968
332205.688802875	4128608.5965520283	-23.313734370175546
332205.9674198611	4128609.223669945	-23.380957977031127
332206.38887839275	4128609.897877533	-29.016595333909066
332206.8103369244	4128610.572085121	-34.652232690787
332207.3795031959	4128611.0934860297	-45.72612589166064
332207.9542021066	4128611.4482770856	-56.77460450085801
332208.7585053955	4128611.754071153	-67.86803507972144
332209.60491262673	4128611.948022868	-78.02357086974193
332210.2966139781	4128611.945273304	-89.11834180330874
332210.9373356169	4128611.832545146	-94.20284151065243
332211.57805725565	4128611.719816988	-99.28734121799614
332212.21666845866	4128611.5016817506	-104.64066634155927
332212.8552796617	4128611.2835465134	-109.99399146512238
332213.47279489506	4128610.9714842895	-111.5442020913814
332214.09031012835	4128610.6594220656	-113.09441271764042
332214.7078253617	4128610.3473598417	-114.64462334389944
332215.3140389161	4128610.0614238996	-113.65047447233594
332215.92025247053	4128609.775487958	-112.65632560077243
332216.5264660249	4128609.489552016	-111.66217672920894
332217.15927506087	4128609.203083736	-111.53521798303291
332217.79208409676	4128608.916615456	-111.40825923685686
332218.4248931327	4128608.630147176	-111.28130049068083
332219.2853445811	4128608.1966721267	-113.16730463659925
332220.1457960296	4128607.763197077	-115.05330878251768
332220.7445448656	4128607.399711422	-116.7797003500646
332221.3432937017	4128607.036225768	-118.50609191761151
332221.94204253773	4128606.672740113	-120.23248348515844
332222.4082184874	4128606.258259077	-125.87928380649376
332222.87439443707	4128605.843778041	-131.52608412782908
332223.22897893	4128605.3926814124	-136.80397461043458
332223.5835634229	4128604.941584784	-142.08186509304005
332223.8390766408	4128604.414772081	-148.00342935885118
332224.09458985867	4128603.887959379	-153.92499362466228
332224.24394375976	4128603.374372008	-158.93453606966804
332224.39329766086	4128602.860784637	-163.9440785146738
332224.46462215367	4128601.9935614048	-174.3963604752565
332224.43645140145	4128601.4724282473	179.9694645874552
332224.2788375255	4128600.687488072	168.90530546193622
332224.0461023504	4128600.1371506033	163.89930448643344
332223.8133671753	4128599.586813135	158.89330351093062
332223.4272487996	4128598.684348456	159.12668714666273
332223.04113042395	4128597.781883777	159.36007078239484
332222.78327378986	4128597.158049695	159.70552859589012
332222.5254171558	4128596.534215613	160.0509864093854
332222.2675605217	4128595.910381531	160.39644422288066
332222.00386773737	4128595.290364293	160.74612355491342
332221.740174953	4128594.6703470554	161.09580288694616
332221.47648216865	4128594.0503298175	161.44548221897892
332221.14960234304	4128593.33815318	159.96797631571417
332220.8227225174	4128592.625976543	158.49047041244944
332220.4958426918	4128591.913799906	157.0129645091847
332220.1689628662	4128591.201623269	155.53545860591996
332219.857915	4128590.578854207	155.45862335687355
332219.54686713376	4128589.956085145	155.38178810782713
332219.2358192676	4128589.333316083	155.30495285878072
332218.9568325071	4128588.687705268	156.4185568039696
332218.67784574657	4128588.0420944537	157.5321607491585
332218.3988589861	4128587.396483639	158.64576469434738
332218.03468026896	4128586.4824799644	159.42848755780858
332217.6705015519	4128585.56847629	160.21121042126975
332217.40628981026	4128584.922569702	159.75637334242106
332217.1420780687	4128584.2766631143	159.30153626357236
332216.87786632706	4128583.6307565263	158.84669918472366
332216.50914365944	4128582.7112939125	159.20182763744046
332216.1404209918	4128581.791831299	159.55695609015726
332215.881896985	4128581.1347109335	159.55695330112536
332215.6233729782	4128580.4775905674	159.55695051209347
332215.36484897137	4128579.820470202	159.55694772306157
332214.9918044962	4128578.9066441422	158.5707355900903
332214.61876002105	4128577.992818082	157.58452345711902
332214.3459048394	4128577.3581845686	157.56522192348788
332214.0730496577	4128576.7235510545	157.54592038985678
332213.80019447603	4128576.088917541	157.52661885622564
332213.3961216391	4128575.17571278	156.41574811241085
332212.9920488022	4128574.2625080193	155.30487736859607
332212.707299131	4128573.624412719	155.72733498938695
332212.4225494599	4128572.9863174185	156.1497926101778
332212.13779978873	4128572.3482221183	156.57225023096868
332211.7582221305	4128571.55107635	155.89694499371376
332211.3786444722	4128570.753930581	155.2216397564588
332210.9751265374	4128569.8684646552	156.91623892692954
332210.57160860253	4128568.98299873	158.61083809740026
332210.29867881397	4128568.344666839	158.85858299242125
332210.02574902546	4128567.7063349476	159.1063278874422
332209.7528192369	4128567.0680030566	159.3540727824632
332209.38841668644	4128566.1429042313	160.0292064122799
332209.02401413594	4128565.217805406	160.70434004209662
332208.7571423425	4128564.5867522205	160.25619563056765
332208.4902705491	4128563.9556990345	159.8080512190387
332208.22339875565	4128563.324645849	159.35990680750973
332207.9392408252	4128562.7161386735	158.76808492911192
332207.65508289466	4128562.1076314985	158.1762630507141
332207.3709249642	4128561.499124323	157.5844411723163
332207.0602454506	4128560.8948481786	155.7484021825713
332206.749565937	4128560.290572034	153.91236319282635
332206.43888642336	4128559.68629589	152.07632420308136
332205.9965956354	4128559.0791049916	147.00608618118096
332205.55430484755	4128558.471914093	141.93584815928057
332205.152473262	4128558.1136617847	136.80188087570406
332204.7506416764	4128557.755409476	131.66791359212752
332204.2969519398	4128557.4647951853	126.27940325811082
332203.84326220315	4128557.174180895	120.89089292409412
332203.2665707468	4128556.9415291976	115.67142742658928
332202.68987929047	4128556.7088775006	110.45196192908442
332202.1690448101	4128556.6083067385	105.19437379524898
332201.6482103298	4128556.507735977	99.93678566141354
332201.12494273076	4128556.5071134577	94.72993044239084
332200.6016751317	4128556.506490939	89.52307522336814
332199.8503567819	4128556.6325341538	83.73850509274254
332199.0990384321	4128556.758577368	77.95393496211693
332198.4872409727	4128556.987276462	72.70307604034798
332197.8754435133	4128557.215975555	67.45221711857904
332197.4244412216	4128557.5025047194	62.27558054837321
332196.9734389299	4128557.789033884	57.09894397816738
332196.25938052265	4128558.4471284687	46.273515010293146
332195.9397005455	4128558.8697774196	41.11469288290296
332195.6200205683	4128559.2924263705	35.95587075551276
332195.253259377	4128560.021266457	25.629506681807
332195.1044617076	4128560.56259308	20.04011918524536
332194.9556640382	4128561.103919703	14.450731688683716
332194.9000617958	4128561.648930172	9.305734167321223
332194.84445955337	4128562.193940641	4.160736645958731
332194.89091787185	4128562.7424574364	-1.1167946270545217
332194.9373761903	4128563.290974232	-6.394325900067775
332195.09054978774	4128563.8540040916	-11.569653109556242
332195.24372338515	4128564.417033951	-16.74498031904471
332195.5308371901	4128565.025481574	-18.639444235898097
332195.8179509951	4128565.6339291963	-20.53390815275148
332196.10506480007	4128566.2423768193	-22.428372069604865
332196.3893715491	4128566.8582806345	-21.611617789984617
332196.67367829813	4128567.4741844498	-20.794863510364365
332196.9579850472	4128568.090088265	-19.978109230744117
332197.13354713	4128568.737769402	-17.156071299030224
332197.30910921283	4128569.3854505396	-14.33403336731633
332197.4846712956	4128570.0331316767	-11.511995435602437
332197.5411054545	4128570.6369484346	-6.329554405693169
332197.5975396134	4128571.240765192	-1.1471133757839007
332197.49297846097	4128572.21965367	9.217764601526104
332197.3486135053	4128572.7608915092	14.41385122187479
332197.20424854965	4128573.3021293487	19.609937842223477
332196.92384377314	4128573.914540858	22.885729773159177
332196.6434389967	4128574.5269523677	26.161521704094877
332196.3630342202	4128575.139363877	29.437313635030577
332196.0615295981	4128575.5838488117	34.5323184749024
332195.760024976	4128576.028333747	39.62732331477422
332195.4125283293	4128576.3904900895	44.75451566344012
332195.06503168255	4128576.752646432	49.881708012106
332194.5932007497	4128577.106192539	54.92290223769532
332194.1213698168	4128577.459738646	59.96409646328463
332193.49328787386	4128577.7609139015	64.98502935857373
332192.8652059309	4128578.062089157	70.00596225386282
332192.32720876293	4128578.211611417	75.65894395300266
332191.78921159497	4128578.361133677	81.3119256521425
332190.846294689	4128578.441064733	86.78775628355586
332189.90337778296	4128578.5209957887	92.26358691496922
332189.20731136546	4128578.453534719	93.81482867815093
332188.51124494796	4128578.386073649	95.36607044133265
332187.81517853047	4128578.3186125793	96.91731220451436
332187.13868649275	4128578.1952599944	99.00084335352479
332186.4621944551	4128578.07190741	101.08437450253521
332185.7857024174	4128577.948554825	103.16790565154564
332185.1218452157	4128577.865649171	99.97115509517624
332184.457988014	4128577.782743518	96.77440453880683
332183.7941308123	4128577.699837864	93.57765398243744
332182.82051909785	4128577.797034353	83.45668249351674
332182.21182301117	4128577.9590729903	77.9501292145835
332181.6031269244	4128578.121111628	72.44357593565026
332180.98834316165	4128578.4220215427	67.22938372508753
332180.3735593988	4128578.722931457	62.0151915145248
332179.5958927291	4128579.304601894	57.412926632489416
332178.8182260595	4128579.8862723312	52.81066175045403
332178.1966996534	4128580.5147657925	47.45725880455616
332177.57517324726	4128581.1432592543	42.1038558586583
332177.0676832616	4128581.930418252	31.530481964295053
332176.8145052481	4128582.5737351226	26.079799674627218
332176.56132723467	4128583.2170519927	20.629117384959383
332176.3676729187	4128584.175525211	15.388912400835673
332176.1740186027	4128585.133998429	10.148707416711964
332176.1640767874	4128585.7446943675	4.500720955892163
332176.1541349721	4128586.355390306	-1.147265504927638
332176.2597733495	4128586.980421525	-6.269313756943351
332176.365411727	4128587.605452744	-11.391362008959064
332176.61478107935	4128588.321955093	-16.585834760161045
332176.8641504317	4128589.0384574425	-21.780307511363027
332177.22721115436	4128589.6749834097	-27.216280383464248
332177.590271877	4128590.311509377	-32.65225325556547
332178.21552078135	4128590.9760846016	-42.65706281817039
332178.6388483428	4128591.3006053297	-47.753228775937856
332179.0621759043	4128591.625126058	-52.84939473370533
332179.559635008	4128591.8871125975	-58.15174967324475
332180.05709411175	4128592.149099137	-63.45410461278418
332180.94916297856	4128592.408733341	-74.09324113734503
332181.5314960724	4128592.480321317	-79.18910910220936
332182.1138291662	4128592.5519092926	-84.28497706707367
332182.867032727	4128592.5201761173	-89.40542662563604
332183.6202362877	4128592.488442942	-94.5258761841984
332184.28851369326	4128592.3492611647	-97.43620595587078
332184.95679109887	4128592.210079387	-100.34653572754314
332185.6250685044	4128592.0708976095	-103.25686549921552
332186.2773857425	4128591.872835906	-104.33632730757864
332186.9297029806	4128591.6747742034	-105.41578911594176
332187.5820202187	4128591.4767125	-106.49525092430488
332188.2101787381	4128591.2532348605	-107.06389228271533
332188.8383372575	4128591.0297572208	-107.63253364112576
332189.4664957769	4128590.806279581	-108.2011749995362
332190.10034230276	4128590.571588247	-108.20117010917197
332190.73418882856	4128590.336896913	-108.20116521880772
332191.3680353544	4128590.102205579	-108.20116032844348
332192.3014082756	4128589.767167074	-107.95557204438686
332193.2347811968	4128589.432128569	-107.70998376033025
332193.89241641795	4128589.204361149	-107.92667228154593
332194.55005163903	4128588.976593729	-108.14336080276163
332195.2076868602	4128588.748826309	-108.36004932397732
332196.11823068815	4128588.3809455484	-109.08937138361657
332197.02877451613	4128588.013064788	-109.8186934432558
332197.66225115425	4128587.759881555	-109.81868851321157
332198.2957277923	4128587.506698322	-109.81868358316734
332198.92920443043	4128587.253515089	-109.81867865312311
332199.5804855238	4128587.0036754822	-109.91525907001537
332200.23176661716	4128586.7538358755	-110.0118394869076
332200.8830477105	4128586.503996269	-110.10841990379986
332201.51282896544	4128586.2138875294	-110.70555134716136
332202.14261022035	4128585.9237787896	-111.30268279052285
332202.7723914753	4128585.63367005	-111.89981423388436
332203.40283934475	4128585.3768479354	-111.36072061598263
332204.0332872142	4128585.1200258206	-110.82162699808089
332204.66373508365	4128584.8632037058	-110.28253338017916
332205.60298216116	4128584.526199192	-111.38252331277809
332206.5422292386	4128584.189194678	-112.48251324537704
332207.4814763161	4128583.852190164	-113.58250317797597
332208.39113252936	4128583.4399288082	-113.6876036970079
332209.3007887426	4128583.027667452	-113.79270421603984
332209.9245123216	4128582.730280704	-113.98043728305713
332210.54823590064	4128582.432893955	-114.16817035007443
332211.17195947963	4128582.135507207	-114.35590341709172
332212.0817271195	4128581.7287940113	-112.91294566104472
332212.99149475945	4128581.322080816	-111.4699879049977
332213.6246020855	4128581.0504063386	-112.18186469902481
332214.2577094115	4128580.7787318607	-112.89374149305192
332214.89081673755	4128580.507057383	-113.60561828707904
332215.5121780269	4128580.239318208	-113.38639909000017
332216.1335393162	4128579.9715790325	-113.16717989292131
332216.75490060553	4128579.703839857	-112.94796069584244
332217.3815056763	4128579.402696021	-113.41725486716362
332218.0081107471	4128579.101552185	-113.88654903848482
332218.63471581787	4128578.800408349	-114.355843209806
332219.53982943174	4128578.382689243	-114.35583588233754
332220.4449430456	4128577.964970137	-114.35582855486908
332221.2532065886	4128577.5824901	-116.13739614343166
332222.06147013156	4128577.200010063	-117.91896373199424
332222.86973367457	4128576.817530026	-119.70053132055682
332223.40638840524	4128576.379438258	-124.98842875508439
332223.9430431359	4128575.941346489	-130.27632618961195
332224.2887638928	4128575.490427448	-140.3388989973567
332224.69076528726	4128574.7497832635	-145.51209631272025
332225.0927666818	4128574.009139079	-150.68529362808383
332225.3675460835	4128573.115642806	-162.17047212162456
332225.4581564188	4128572.325733106	-172.17821368931084
332225.1918884845	4128571.540193236	-90.97786462490241
332224.9256205502	4128570.754653366	-9.777515560493981
332224.6593526159	4128569.9691134957	71.42283350391443
332224.3930846816	4128569.1835736255	152.62318256832287
332224.11469013855	4128568.567550627	153.6069607469556
332223.83629559557	4128567.951527628	154.59073892558828
332223.5579010525	4128567.3355046296	155.574517104221
332223.16313839506	4128566.4443129296	155.03423280425721
332222.7683757376	4128565.5531212296	154.4939485042934
332222.49840186274	4128564.914729811	155.56803012201468
332222.22842798784	4128564.2763383915	156.64211173973592
332221.958454113	4128563.6379469726	157.7161933574572
332221.70355159446	4128563.0140537545	157.3953849715578
332221.448649076	4128562.390160536	157.07457658565843
332221.19374655746	4128561.766267318	156.75376819975904
332220.94468000246	4128561.1385572976	157.18714990470673
332220.6956134475	4128560.510847277	157.6205316096544
332220.4465468925	4128559.883137257	158.05391331460208
332220.0778237772	4128558.9636744964	158.53290266864025
332219.7091006619	4128558.044211736	159.01189202267844
332219.48951044516	4128557.412211628	159.76170966070725
332219.26992022834	4128556.780211521	160.51152729873604
332219.0503300116	4128556.148211413	161.26134493676486
332218.7807258366	4128555.528312588	159.5450417960637
332218.51112166164	4128554.908413763	157.8287386553626
332218.24151748663	4128554.288514938	156.11243551466146
332217.9654847442	4128553.6428449834	156.11243232505447
332217.6894520019	4128552.997175029	156.11242913544748
332217.4134192595	4128552.351505074	156.1124259458405
332217.3185474205	4128552.0426062224	150.8106029015142
332217.6143770238	4128552.6434800653	152.7916455356716
332217.91020662716	4128553.2443539086	154.77268816982902
332218.2060362305	4128553.8452277514	156.75373080398643
332218.42865566566	4128554.480867172	158.7799281025136
332218.6512751009	4128555.1165065933	160.8061254010408
332218.87389453605	4128555.752146014	162.83232269956795
332219.03881963587	4128556.459240152	152.23938058761283
332219.26335737953	4128557.043041466	141.84539964110965
332219.6656428752	4128557.6454839967	130.0104208095787
332220.1993509468	4128558.1675957856	117.83857378682303
332220.73859202705	4128558.523097745	107.475034840462
332221.3558425105	4128558.788238429	96.7700988941292
332222.0310025731	4128558.8450209666	93.83600802735374
332222.70616263564	4128558.901803504	90.9019171605783
332223.38132269826	4128558.958586042	87.96782629380283
332224.3748885278	4128558.9719943055	77.56917345616175
332225.3471698571	4128558.808229788	66.48694595669566
332226.23544417316	4128558.435248431	64.8481489073151
332227.1237184892	4128558.062267074	63.20935185793454
332227.73880150355	4128557.7761547174	64.12076946535481
332228.3538845179	4128557.4900423614	65.03218707277509
332228.9689675323	4128557.203930005	65.94360468019535
332229.51416582183	4128556.971016526	68.8321537893281
332228.64107716584	4128557.4380430784	64.79133461808573
332227.7679885099	4128557.905069631	60.75051544684335
332227.18792872905	4128558.3162802137	57.771602344999344
332226.6078689482	4128558.7274907962	54.79268924315533
332226.02780916734	4128559.138701379	51.81377614131132
332225.2731891172	4128559.76430565	49.87928938786867
332224.51856906706	4128560.3899099207	47.94480263442601
332224.10548041406	4128561.019776655	37.47753044005151
332223.7828206207	4128561.736632503	27.072594778589277
332223.62793270044	4128562.4168296847	15.935432825002543
332223.5907355106	4128563.2167699775	5.554497010138058
332223.64628938894	4128563.998203448	0.49764332798077326
332223.7018432673	4128564.779636919	-4.559210354176511
332223.86111349025	4128565.425794682	-9.826259503155612
332224.0203837132	4128566.071952445	-15.09330865213471
332224.3842292074	4128566.969313137	-19.00832398337063
332224.7480747017	4128567.8666738286	-22.923339314606554
332225.01213813975	4128568.505183651	-23.13463751992418
332225.27620157774	4128569.1436934737	-23.345935725241805
332225.5402650158	4128569.782203296	-23.55723393055943
332225.8760607713	4128570.3859772254	-24.12613855440959
332226.2118565268	4128570.9897511546	-24.69504317825975
332226.5609499305	4128571.5932588875	-29.712013868707636
332226.91004333424	4128572.196766621	-34.72898455915553
332227.28538886015	4128572.56110013	-40.37276655288399
332227.66073438607	4128572.925433639	-46.016548546612455
332228.4426654527	4128573.442576461	-57.38577377914642
332229.06811336684	4128573.6742537166	-68.29382319178067
332229.7177132951	4128573.783348175	-79.69173712533022
332230.3737349496	4128573.770214799	-89.80675521084673
332231.1157426509	4128573.6221608063	-99.87346158616847
332232.02806653	4128573.343047997	-102.92480913319618
332232.9403904092	4128573.063935188	-105.97615668022388
332233.5767501571	4128572.8069970952	-107.47061974412512
332234.213109905	4128572.5500590024	-108.96508280802637
332234.8494696529	4128572.2931209095	-110.4595458719276
332235.46063424804	4128571.9589877822	-113.21976174152411
332236.0717988431	4128571.6248546545	-115.97997761112063
332236.6829634382	4128571.2907215273	-118.74019348071714
332237.12820091634	4128570.937710302	-123.892542991049
332237.57343839447	4128570.5846990766	-129.04489250138084
332237.915727064	4128570.183799086	-134.4816756608043
332238.2580157336	4128569.782899096	-139.91845882022778
332238.63497793145	4128569.120456473	-150.4562724504403
332238.88627309434	4128568.382829989	-160.66351910880329
332239.00880133134	4128567.6366813146	-165.99002829382042
332239.13132956834	4128566.8905326407	-171.31653747883755
332239.17085068225	4128565.985096563	4.313235881509115
332239.21037179616	4128565.0796604855	179.94300924185578
332239.09852847137	4128564.365953452	174.69544234472176
332238.9866851466	4128563.652246418	169.44787544758773
332238.64489292656	4128562.748893743	164.42795158900736
332238.3031007065	4128561.845541068	159.40802773042697
332237.9300581329	4128560.931714069	159.7921042898219
332237.55701555935	4128560.017887071	160.17618084921682
332237.29908503935	4128559.3903540773	159.84549343350653
332237.0411545193	4128558.7628210834	159.51480601779625
332236.7832239993	4128558.13528809	159.18411860208596
332236.51650223706	4128557.5116310865	158.8304395985547
332236.2497804748	4128556.8879740825	158.47676059502345
332235.98305871256	4128556.264317079	158.1230815914922
332235.7165589602	4128555.651755589	157.77429093692365
332235.4500592078	4128555.039194099	157.42550028235513
332235.18355945544	4128554.426632609	157.07670962778658
332234.91979253496	4128553.802916494	157.32786664698418
332234.6560256145	4128553.179200379	157.57902366618177
332234.392258694	4128552.555484264	157.83018068537936
332234.00148498465	4128551.64201237	156.45566901052717
332233.6107112753	4128550.728540476	155.08115733567502
332233.3083802595	4128550.0981964665	154.80117654870995
332233.00604924373	4128549.4678524574	154.52119576174488
332232.7037182279	4128548.837508448	154.2412149747798
332232.3956990862	4128548.218378276	155.52614986369295
332232.0876799444	4128547.599248104	156.8110847526061
332231.7796608027	4128546.980117932	158.09601964151923
332231.45708834525	4128546.372379076	155.94101538034354
332231.1345158878	4128545.76464022	153.78601111916788
332230.8119434304	4128545.156901364	151.6310068579922
332230.21284707414	4128544.469598876	140.6678605050426
332229.7797656909	4128544.1008710875	135.0341512115764
332229.3466843077	4128543.732143299	129.40044191811015
332228.85764507804	4128543.4477853472	123.97189323175402
332228.3686058484	4128543.1634273953	118.54334454539791
332227.76121925877	4128542.9480384225	113.44474918691326
332227.1538326691	4128542.73264945	108.3461538284286
332226.39330436307	4128542.6202259087	103.00379942824674
332225.63277605706	4128542.507802367	97.66144502806488
332224.99913705187	4128542.5315878387	92.24292097675763
332224.3654980466	4128542.55537331	86.82439692545037
332223.44729452656	4128542.7624549847	81.66993808772028
332222.5290910065	4128542.96953666	76.51547924999021
332221.89198883006	4128543.1894906424	75.05494845449087
332221.2548866537	4128543.4094446255	73.59441765899152
332220.61778447725	4128543.629398608	72.13388686349218
332219.68939334434	4128543.9920838126	71.39567757271726
332218.76100221137	4128544.354769017	70.65746828194233
332218.1036590744	4128544.597328422	71.36959878211964
332217.4463159375	4128544.839887827	72.08172928229696
332216.78897280054	4128545.082447232	72.79385978247427
332216.1857835325	4128545.3720223	71.24746482888214
332215.5825942644	4128545.6615973674	69.70106987529
332214.9794049964	4128545.951172435	68.15467492169788
332214.38870254415	4128546.273797452	66.56705075569462
332213.7980000919	4128546.5964224692	64.97942658969136
332213.2072976397	4128546.919047486	63.391802423688105
332212.625904808	4128547.26368612	64.1124695846782
332212.0445119763	4128547.608324754	64.83313674566827
332211.4631191446	4128547.952963388	65.55380390665836
332210.60809401516	4128548.436280056	64.0326797964719
332209.75306888565	4128548.919596724	62.51155568628543
332209.13452635973	4128549.4758782336	50.67680191609959
332208.7116844172	4128550.061541272	38.381947790620096
332208.3710728921	4128550.767657239	27.06494731667429
332208.16410562646	4128551.5043971897	16.144052703528896
332208.1008590987	4128552.110610237	10.754327490740877
332208.03761257103	4128552.716823284	5.36460227795286
332208.08651374833	4128553.3873905255	0.2264909130130146
332208.13541492564	4128554.057957767	-4.91162045192683
332208.3540979356	4128555.013724037	-9.458964282474405
332208.5727809455	4128555.969490307	-14.006308113021978
332208.95014840306	4128556.87767963	-17.834845367144144
332209.3275158606	4128557.785868953	-21.66338262126631
332209.59401745646	4128558.398429685	-21.832247429656753
332209.86051905225	4128559.010990417	-22.0011122380472
332210.1270206481	4128559.623551149	-22.16997704643764
332210.4082233707	4128560.232117577	-21.342430129967564
332210.68942609325	4128560.840684005	-20.514883213497484
332210.9706288158	4128561.449250433	-19.687336297027407
332211.2492466208	4128562.0763685396	-20.254613510165466
332211.52786442585	4128562.7034866456	-20.821890723303525
332211.80648223084	4128563.330604752	-21.389167936441584
332212.20612305356	4128564.2438982115	-20.90181370808523
332212.6057638762	4128565.157191671	-20.414459479728876
332212.8873365087	4128565.7842506613	-20.489657919452732
332213.1689091412	4128566.411309651	-20.564856359176588
332213.4504817737	4128567.0383686414	-20.640054798900444
332213.72872898664	4128567.646994336	-20.981145703589615
332214.0069761995	4128568.25562003	-21.322236608278786
332214.28522341244	4128568.864245725	-21.663327512967957
332214.5667217633	4128569.487606269	-21.914048772076473
332214.8482201142	4128570.110966813	-22.164770031184986
332215.12971846503	4128570.734327357	-22.415491290293502
332215.414097704	4128571.3539302647	-22.501359084532123
332215.6984769429	4128571.973533173	-22.58722687877074
332215.98285618186	4128572.593136081	-22.67309467300936
332216.30293190386	4128573.5191226434	-18.152161091685862
332216.6230076258	4128574.4451092063	-13.631227510362368
332216.7642250906	4128575.296977184	-8.491659495311822
332216.90544255544	4128576.148845161	-3.352091480261277
332216.90748327284	4128577.1366989184	1.5430318522849684
332216.9095239902	4128578.124552676	6.438155184831214
332216.77517430735	4128578.796938891	9.749193158219
332216.64082462445	4128579.469325106	13.060231131606786
332216.5064749416	4128580.141711321	16.37126910499457
332216.2286977866	4128580.885418799	21.55287432245958
332215.9509206316	4128581.629126277	26.734479539924585
332215.51744811924	4128582.3482011943	31.89300322493414
332215.08397560683	4128583.067276112	37.051526909943696
332214.46411301696	4128583.7789829923	42.23760164015655
332213.8442504271	4128584.4906898728	47.4236763703694
332213.2549612748	4128584.9575860407	52.55767972075287
332212.6656721225	4128585.424482208	57.69168307113634
332212.1085113689	4128585.7242360916	62.79044926419887
332211.55135061534	4128586.023989975	67.8892154572614
332210.6589806184	4128586.4137051105	69.03530915147718
332209.7666106215	4128586.803420246	70.18140284569296
332209.13305961236	4128587.052904151	70.23880732071916
332208.49950860324	4128587.3023880553	70.29621179574538
332207.8659575941	4128587.55187196	70.35361627077158
332207.2205865014	4128587.8015926844	70.35361149529697
332206.5752154087	4128588.0513134087	70.35360671982235
332205.929844316	4128588.301034133	70.35360194434774
332205.2932644201	4128588.5468790075	70.08247154226555
332204.65668452426	4128588.7927238825	69.81134114018334
332204.0201046284	4128589.038568757	69.54021073810115
332203.10523916385	4128589.4120852514	69.4499861297151
332202.1903736993	4128589.785601746	69.35976152132905
332201.5630294362	4128590.049761889	69.18865444456333
332200.9356851732	4128590.3139220327	69.01754736779762
332200.3083409101	4128590.578082176	68.8464402910319
332199.6808486452	4128590.8348454703	68.65527150076029
332199.05335638026	4128591.0916087646	68.4641027104887
332198.42586411536	4128591.348372059	68.2729339202171
332197.80236381997	4128591.6568552903	66.84287609247231
332197.17886352463	4128591.965338522	65.41281826472752
332196.55536322924	4128592.2738217534	63.98276043698272
332195.93378128664	4128592.5304669933	65.83521937971605
332195.312199344	4128592.787112233	67.68767832244937
332194.6906174014	4128593.043757473	69.5401372651827
332194.04539519973	4128593.3008762365	69.5401319964661
332193.4001729981	4128593.5579950004	69.54012672774952
332192.7549507964	4128593.815113764	69.54012145903293
332192.1278292847	4128594.0903701284	68.28962769525472
332191.50070777297	4128594.3656264925	67.0391339314765
332190.87358626124	4128594.640882857	65.78864016769829
332190.251708404	4128594.882734541	67.68512221240258
332189.6298305467	4128595.124586224	69.58160425710686
332189.0079526894	4128595.366437908	71.47808630181115
332188.07003692683	4128595.6960179307	71.15267352285926
332187.13212116424	4128596.0255979537	70.82726074390739
332186.50736252364	4128596.2712075952	70.41354274018879
332185.882603883	4128596.516817237	69.9998247364702
332185.2578452424	4128596.7624268783	69.5861067327516
332184.59208640043	4128597.0273576174	69.35870051035992
332183.92632755847	4128597.292288357	69.13129428796823
332183.2605687165	4128597.557219096	68.90388806557655
332182.63581029087	4128597.802829035	69.65539615086031
332182.0110518652	4128598.0484389737	70.40690423614409
332181.38629343954	4128598.294048913	71.15841232142785
332180.44305690937	4128598.579336606	73.83674859398903
332179.49982037913	4128598.864624299	76.5150848665502
332178.58494553034	4128599.016144923	81.65991164983818
332177.67007068155	4128599.167665547	86.80473843312616
332176.92916550674	4128599.149203256	91.89888173270896
332176.188260332	4128599.130740965	96.99302503229175
332175.56459019776	4128598.987831627	102.02071803629445
332174.94092006347	4128598.844922289	107.04841104029714
332174.3637860644	4128598.590081651	112.3218158608079
332173.7866520653	4128598.3352410137	117.59522068131868
332173.2746732609	4128598.012495947	122.61470212274813
332172.76269445656	4128597.689750881	127.63418356417758
332172.21646558854	4128597.206742619	133.26790091318946
332171.6702367205	4128596.723734358	138.90161826220137
332171.1462700607	4128596.0238314252	144.12335502947317
332170.6223034009	4128595.323928492	149.34509179674498
332170.1090788625	4128594.496161137	150.48789771200597
332169.59585432406	4128593.668393781	151.630703627267
332169.13061012386	4128592.8008157667	153.19814141599574
332168.6653659236	4128591.933237753	154.7655792047245
332168.34234582115	4128591.303310201	154.59067302368456
332168.01932571863	4128590.6733826487	154.4157668426446
332167.6963056162	4128590.043455097	154.24086066160464
332167.4062353348	4128589.4350675647	155.44372679911547
332167.11616505345	4128588.826680032	156.6465929366263
332166.8260947721	4128588.2182925	157.84945907413712
332166.5770987691	4128587.5942824553	159.2243772321393
332166.32810276607	4128586.97027241	160.59929539014146
332166.07910676306	4128586.3462623656	161.97421354814364
332165.71037850494	4128585.426801795	160.31278414593584
332165.3416502468	4128584.5073412247	158.65135474372806
332164.95530264673	4128583.593783525	159.03560380560333
332164.5689550466	4128582.6802258254	159.4198528674786
332164.29624426086	4128582.0529908063	158.96988915238876
332164.0235334752	4128581.425755787	158.5199254372989
332163.75082268944	4128580.798520768	158.06996172220906
332163.4899319963	4128580.1710490407	159.66294730165419
332163.22904130316	4128579.5435773134	161.25593288109928
332162.96815061	4128578.916105586	162.8489184605444
332162.7058271988	4128578.438511805	157.75947043417625
332162.4435037877	4128577.960918024	152.6700224078081
332162.0526119283	4128577.041901475	155.80594687443977
332161.661720069	4128576.122884926	158.94187134107142
332161.4211441017	4128575.4765064833	158.14282848514387
332161.18056813447	4128574.8301280406	157.34378562921628
332160.9399921672	4128574.183749598	156.54474277328873
332160.74358982896	4128573.455086874	161.90973742715283
332160.5471874907	4128572.7264241497	167.27473208101694
332160.4567226053	4128571.9734398257	172.76642898568682
332160.3662577199	4128571.2204555017	178.2581258903567
332160.38351993647	4128570.753912149	-179.3643607118192
332160.52775966143	4128569.985127217	-168.12464459441946
332160.69528526254	4128569.49337451	-162.66821391264946
332160.86281086365	4128569.0016218033	-157.21178323087946
332161.1907865779	4128568.329056536	-151.64243834070413
332161.51876229217	4128567.656491269	-146.0730934505288
332161.90961304295	4128567.0973662115	-143.99390668915257
332162.30046379374	4128566.5382411536	-141.9147199277763
332162.6913145445	4128565.979116096	-139.83553316640007
332163.36990911525	4128565.3217287255	-128.6722133938809
332164.13117916277	4128564.806984927	-123.09303780992909
332164.89244921034	4128564.2922411286	-117.51386222597728
332165.78493096493	4128563.908068985	-113.72567086369496
332166.67741271947	4128563.523896842	-109.93747950141264
332167.3219700022	4128563.233489658	-110.79456958053963
332167.9665272849	4128562.943082474	-111.6516596596666
332168.6110845676	4128562.6526752906	-112.5087497387936
332169.24456243764	4128562.3994899555	-111.17982292434844
332169.87804030767	4128562.146304621	-109.85089610990327
332170.5115181777	4128561.893119286	-108.52196929545812
332171.39524634846	4128561.5146730454	-109.99608983003428
332172.2789745192	4128561.136226805	-111.47021036461044
332172.9089790749	4128560.8572114524	-111.6837988540491
332173.5389836306	4128560.5781961004	-111.89738734348778
332174.1689881863	4128560.299180748	-112.11097583292644
332174.7752783289	4128560.0169404703	-112.39854040877712
332175.38156847155	4128559.7347001927	-112.6861049846278
332175.9878586142	4128559.452459915	-112.97366956047848
332176.62983177335	4128559.180605135	-112.49585136075042
332177.2718049325	4128558.9087503552	-112.01803316102234
332177.91377809166	4128558.636895575	-111.54021496129428
332178.54090201	4128558.361638334	-112.08451325557289
332179.1680259283	4128558.0863810936	-112.62881154985149
332179.79514984664	4128557.8111238526	-113.1731098441301
332180.4107499031	4128557.550897451	-112.3603752752136
332181.02634995966	4128557.2906710496	-111.54764070629712
332181.64195001614	4128557.030444648	-110.73490613738062
332182.27291798237	4128556.7995104883	-110.42950629656738
332182.90388594853	4128556.5685763285	-110.12410645575413
332183.53485391475	4128556.3376421686	-109.8187066149409
332184.17682753195	4128556.0657879845	-110.66345777108816
332184.8188011492	4128555.7939338	-111.50820892723542
332185.4607747664	4128555.522079616	-112.35296008338268
332186.09078014106	4128555.243065285	-111.84329296138098
332186.7207855157	4128554.9640509547	-111.3336258393793
332187.35079089034	4128554.685036624	-110.8239587173776
332187.9780635063	4128554.417177106	-111.60698389879369
332188.60533612233	4128554.149317588	-112.3900090802098
332189.2326087383	4128553.88145807	-113.17303426162589
332190.1470333814	4128553.485749313	-112.35657270010319
332191.06145802443	4128553.090040556	-111.54011113858049
332191.68873086676	4128552.8221813245	-111.64601792480083
332192.3160037091	4128552.554322093	-111.75192471102116
332192.94327655144	4128552.286462861	-111.8578314972415
332193.5527450858	4128552.015260306	-112.00395562772638
332194.16221362015	4128551.7440577517	-112.15007975821128
332194.7716821545	4128551.472855197	-112.29620388869616
332195.40745012247	4128551.186326253	-112.31509282084647
332196.0432180905	4128550.899797309	-112.3339817529968
332196.67898605845	4128550.6132683656	-112.35287068514712
332197.2973940636	4128550.345587078	-111.60469544679087
332197.91580206883	4128550.077905791	-110.85652020843462
332198.534210074	4128549.8102245033	-110.10834497007836
332199.1825390856	4128549.5604441487	-109.68199915843007
332199.83086809726	4128549.3106637946	-109.25565334678178
332200.4791971089	4128549.06088344	-108.8293075351335
332201.1213939428	4128548.8001260855	-109.14255066155457
332201.7635907767	4128548.5393687305	-109.45579378797562
332202.4057876106	4128548.278611376	-109.7690369143967
332203.0182117761	4128548.007350364	-110.32170717229303
332203.6306359415	4128547.736089352	-110.87437743018936
332204.243060107	4128547.46482834	-111.4270476880857
332204.858217289	4128547.1824128064	-111.25228300414508
332205.47337447095	4128546.8999972735	-111.07751832020449
332206.08853165293	4128546.61758174	-110.90275363626388
332206.7185383195	4128546.33856901	-110.46973889601675
332207.34854498605	4128546.05955628	-110.03672415576963
332207.97855165263	4128545.78054355	-109.6037094155225
332208.8622830488	4128545.402101385	-109.21647218226468
332209.7460144449	4128545.02365922	-108.82923494900685
332210.37306627864	4128544.744705939	-109.89467463000463
332211.0001181123	4128544.4657526584	-110.96011431100241
332211.62716994603	4128544.1867993777	-112.0255539920002
332212.2571769626	4128543.9077870776	-111.42235388847884
332212.88718397915	4128543.628774778	-110.81915378495748
332213.51719099574	4128543.349762478	-110.21595368143612
332214.14431711804	4128543.0745079857	-109.44892349833859
332214.77144324034	4128542.799253494	-108.68189331524106
332215.39856936265	4128542.523999002	-107.91486313214352
332216.0345607937	4128542.248567165	-108.626193191737
332216.67055222474	4128541.9731353275	-109.33752325133048
332217.3065436558	4128541.6977034905	-110.04885331092396
332217.9312332779	4128541.448397933	-108.31302381302793
332218.5559229	4128541.199092376	-106.57719431513188
332219.18061252206	4128540.9497868186	-104.84136481723584
332220.0953730601	4128540.570724669	-107.65046169159197
332221.0101335982	4128540.191662519	-110.45955856594811
332221.64649559953	4128539.9347236063	-110.78200587342005
332222.2828576009	4128539.6777846934	-111.104453180892
332222.91921960225	4128539.420845781	-111.42690048836393
332223.8261148636	4128539.091891244	-110.14054019193759
332224.733010125	4128538.762936707	-108.85417989551124
332225.4119279438	4128538.5643457957	-105.35131782937516
332226.0908457626	4128538.3657548847	-101.84845576323907
332226.7697635814	4128538.167163973	-98.345593697103
332227.3279376917	4128538.1393395206	-93.10332004634174
332227.886111802	4128538.111515068	-87.86104639558047
332228.5359365995	4128538.231705015	-77.86008136837788
332229.0671918652	4128538.4097684333	-72.26787743869045
332229.5984471309	4128538.587831852	-66.67567350900302
332230.2893968137	4128538.9902470717	-61.16477055348586
332230.98034649657	4128539.392662292	-55.6538675979687
332231.5532818634	4128539.88068971	-50.582843207082135
332232.1262172302	4128540.368717128	-45.51181881619557
332232.644860553	4128541.0243305624	-40.15768239462385
332233.16350387566	4128541.679943997	-34.80354597305213
332233.5597002907	4128542.4212582903	-29.256031918837664
332233.95589670574	4128543.162572584	-23.7085178646232
332234.34157171205	4128544.042846758	-22.66936831460494
332234.7272467184	4128544.9231209313	-21.630218764586683
332235.00276002	4128545.5429019323	-21.377038116102224
332235.2782733217	4128546.1626829333	-21.123857467617768
332235.5537866233	4128546.7824639343	-20.87067681913331
332235.9270520189	4128547.7073863437	-20.237110309092465
332236.30031741445	4128548.632308753	-19.60354379905162
332236.5788595949	4128549.2557291416	-20.476779234931488
332236.85740177525	4128549.8791495296	-21.35001467081136
332237.1359439557	4128550.502569918	-22.223250106691225
332237.53081669565	4128551.399309992	-21.94322325672068
332237.9256894356	4128552.296050065	-21.66319640675014
332238.1985433884	4128552.930684306	-21.149904920829865
332238.47139734117	4128553.565318547	-20.636613434909595
332238.74425129395	4128554.199952788	-20.12332194898932
332238.9992267051	4128554.8275449933	-20.12131062863025
332239.2542021162	4128555.455137198	-20.11929930827118
332239.5091775274	4128556.082729403	-20.11728798791211
332239.80227243336	4128556.694758619	-21.140177251988423
332240.09536733927	4128557.306787836	-22.163066516064738
332240.38846224523	4128557.918817052	-23.18595578014105
332240.6907183549	4128558.545462819	-23.010494670607237
332240.9929744646	4128559.1721085855	-22.835033561073427
332241.29523057427	4128559.798754352	-22.659572451539614
332241.5793860308	4128560.407262593	-22.74745919832742
332241.8635414874	4128561.015770834	-22.83534594511523
332242.1476969439	4128561.624279075	-22.923232691903035
332242.4464794909	4128562.225094574	-23.17819844070556
332242.74526203785	4128562.8259100737	-23.433164189508084
332243.04404458485	4128563.426725573	-23.68812993831061
332243.3167497694	4128564.053962971	-22.748948552462547
332243.5894549539	4128564.681200369	-21.809767166614485
332243.86216013844	4128565.308437767	-20.870585780766422
332244.1823439977	4128566.2399730315	-18.29342934875801
332244.50252785697	4128567.171508296	-15.716272916749602
332244.7050518952	4128567.837150402	-15.31849908272486
332244.90757593344	4128568.502792508	-14.92072524870012
332245.11009997164	4128569.168434614	-14.522951414675378
332245.27990903595	4128570.119630003	-10.765998681209526
332245.2404887922	4128570.8086152286	-0.4736039057419745
332245.10610607034	4128571.6271506865	4.6708535442286445
332244.97172334854	4128572.445686144	9.815310994199264
332244.7863516238	4128572.932244186	14.902679918809294
332244.60097989906	4128573.418802228	19.990048843419327
332244.144453163	4128574.093937237	30.074445160870777
332243.6138957053	4128574.615155104	41.04686916860517
332242.9926877527	4128575.03828823	51.34196677719193
332242.28038506955	4128575.341145652	61.80821149194799
332241.6712871726	4128575.630837254	62.15811153572909
332241.06218927563	4128575.920528857	62.508011579510196
332240.4530913787	4128576.2102204594	62.857911623291294
332239.5568418457	4128576.6277598958	63.378487730378936
332238.6605923127	4128577.045299332	63.89906383746658
332238.02120374347	4128577.2985978057	65.35711914772452
332237.3818151742	4128577.551896279	66.81517445798247
332236.74242660496	4128577.8051947528	68.2732297682404
332235.80439618323	4128578.1292215493	69.57445099425576
332234.8663657615	4128578.4532483458	70.87567222027113
332234.820707264	4128578.3875627625	81.30424598121384
332235.31449033425	4128578.244478381	91.32438770752384
332235.94324980566	4128578.198591373	101.45155668163984
332236.4762695644	4128578.243420528	111.75283061140372
332237.1817253644	4128578.484596621	121.96693141358423
332237.7335249715	4128578.876847995	120.40347852172728
332238.2853245786	4128579.2690993687	118.84002562987031
332238.8371241857	4128579.661350743	117.27657273801336
332239.4120458161	4128580.027239456	107.04065001069507
332239.993389271	4128580.270900335	96.58180002808577
332240.6525200021	4128580.4131046273	85.44242602775329
332241.2473735162	4128580.44559632	73.1022164557339
332241.92821315944	4128580.3431675006	62.25907939470191
332242.47229964734	4128580.054777359	63.89908079333853
332241.6946096638	4128580.192444733	75.44431796303321
332240.9406276576	4128580.1853383896	85.55977704191615
332240.2192187449	4128580.033280857	97.22952212844592
332239.26465044817	4128579.7526917187	99.41397725173141
332238.31008215144	4128579.472102581	101.59843237501688
332237.6248740989	4128579.3563204166	100.45264190848486
332236.9396660464	4128579.2405382525	99.30685144195286
332236.2544579939	4128579.124756088	98.16106097542084
332235.26764961996	4128579.005761916	97.28154656354653
332234.280841246	4128578.886767744	96.4020321516722
332233.647427131	4128578.921648148	91.34788659333468
332233.014013016	4128578.956528552	86.29374103499715
332232.03286881314	4128579.120469795	82.38383697369511
332231.05172461027	4128579.2844110383	78.47393291239308
332230.39925747534	4128579.4750722935	76.0732656733712
332229.7467903404	4128579.665733549	73.67259843434933
332229.09432320547	4128579.856394804	71.27193119532744
332228.17524529924	4128580.241092717	67.9656273301546
332227.256167393	4128580.6257906295	64.65932346498177
332226.6265330936	4128580.923294479	64.64786186551932
332225.9968987941	4128581.220798329	64.63640026605685
332225.36726449465	4128581.5183021785	64.6249386665944
332224.69707750145	4128581.931317407	58.952984033368786
332224.02689050825	4128582.344332636	53.28102940014317
332223.6989003709	4128582.794896736	42.16676929807991
332223.23728702764	4128583.658833813	31.214631534808696
332222.90221919114	4128584.4203379545	25.646830824383414
332222.5671513546	4128585.181842096	20.07903011395813
332222.56341585366	4128585.881213056	8.772562044942308
332222.5596803527	4128586.580584016	-2.5339060240735147
332222.7773513078	4128587.264422325	-13.49425345654379
332223.14164046606	4128588.1839739475	-18.525730483179107
332223.5059296243	4128589.10352557	-23.557207509814425
332223.9136557828	4128589.97780783	-24.35464676054972
332224.32138194126	4128590.8520900896	-25.15208601128501
332224.6059820506	4128591.4827887733	-25.067203593595437
332224.89058215986	4128592.1134874565	-24.982321175905863
332225.1751822692	4128592.74418614	-24.89743875821629
332225.453427897	4128593.352812188	-24.75581263093549
332225.7316735249	4128593.9614382368	-24.614186503654697
332226.0099191527	4128594.570064285	-24.4725603763739
332226.3063661183	4128594.980377041	-30.253703167975893
332226.6028130839	4128595.390689797	-36.034845959577886
332227.2249476833	4128595.8999316487	-47.80241179060056
332227.8792107421	4128596.24203124	-59.47317015799948
332228.5126336256	4128596.429148955	-69.8358967399774
332229.1167954996	4128596.483653253	-80.51407369732156
332229.61745341145	4128596.4625301794	-85.8304884747429
332230.1181113234	4128596.441407106	-91.14690325216426
332230.8151249312	4128596.2609539297	-101.40372122161531
332231.4266981038	4128596.021161668	-106.524454961509
332232.0382712764	4128595.7813694063	-111.64518870140267
332232.8882031144	4128595.4608585215	-111.000001274
332233.82153375685	4128595.102827102	-111.00000126566667
332234.75486439926	4128594.7447956824	-111.00000125733332
332235.68819504173	4128594.386764263	-111.000001249
332236.55485922145	4128594.0614011674	-111.00000123299999
332237.4215234011	4128593.7360380725	-111.000001217
332238.2881875808	4128593.410674977	-111.000001201
332239.22151829355	4128593.0857538576	-111.00000121400001
332240.1548490063	4128592.7608327377	-111.000001227
332241.08817971905	4128592.435911618	-111.00000124
332241.8131776457	4128592.167552159	-111.00000124
332242.5381755723	4128591.8991927006	-111.00000124
332243.2631734989	4128591.630833242	-111.00000124
332243.98817142553	4128591.362473783	-111.00000124
332244.78816904075	4128591.0701095527	-111.00000126475
332245.588166656	4128590.777745322	-111.0000012895
332246.38816427125	4128590.485381091	-111.00000131425
332247.1881618865	4128590.1930168606	-111.000001339
332248.1214925172	4128589.834981043	-111.00000128833332
332249.05482314783	4128589.4769452256	-111.00000123766667
332249.98815377854	4128589.118909408	-111.000001187
332250.8548179605	4128588.7935422515	-111.00000115366666
332251.72148214246	4128588.4681750946	-111.00000112033334
332252.58814632444	4128588.142807938	-111.000001087
